1605487965.926143588
1605487965.926158641
1605487965.926402526
1605487965.926411307
1605487965.926631041
1605487965.926681988
1605487965.926934331
1605487965.926940031
1605487965.927705641
1605487965.927715722
1605487965.927982920
1605487965.928021481
1605487965.928247097
1605487965.928254976
1605487965.978445907
1605487965.978482863
1605487965.978791808
1605487965.978836259
1605487965.979063927
1605487965.979108865
1605487965.979766880
1605487965.979778079
1605487965.980041153
1605487965.980049051
1605487965.980414830
1605487965.980425504
1605487965.980994440
1605487965.981003945
1605487965.981278627
1605487965.981286310
1605487965.981470058
1605487965.981475101
1605487965.981967585
1605487965.981975002
1605487965.982906845
1605487965.982978259
1605487982.179221677
1605487982.179257853
1605487982.179551154
1605487982.179595839
1605487982.180613283
1605487982.180624055
1605487982.180831707
1605487982.180837747
1605487982.181095273
1605487982.181101721
1605487982.184293205
1605487982.184319561
1605487982.184690986
1605487982.184697241
1605487982.186125909
1605487982.186130426
1605487988.728464611
1605487988.728471495
1605487988.728691731
1605487988.728700260
1605487988.728896714
1605487988.728906196
1605487988.729152459
1605487988.729190792
1605487988.736150843
1605487988.736180089
1605487988.736577313
1605487988.736585045
1605487988.736805900
1605487988.736842532
1605487988.787062321
1605487988.787100128
1605487988.787590279
1605487988.787602875
1605487988.788021173
1605487988.788056326
1605487988.789286788
1605487988.789313463
1605487988.789564282
1605487988.789573693
1605487988.789815909
1605487988.789828128
1605487988.790211067
1605487988.790227495
1605487988.798710212
1605487988.798737445
1605487988.799000315
1605487988.799012611
1605487988.799278258
1605487988.799288791
1605487988.799537876
1605487988.799547108
1605487988.800836362
1605487988.800862439
1605487988.809916340
1605487988.809925109
1605488005.881129158
1605488005.881169102
1605488005.881868515
1605488005.881912994
1605488005.882132206
1605488005.882140919
1605488005.882391525
1605488005.882401452
1605488005.882770938
1605488005.882780726
1605488005.883202141
1605488005.883217944
1605488005.883635973
1605488005.883655985
1605488005.884143228
1605488005.884181978
1605488005.884471235
1605488005.884489641
1605488005.885431347
1605488005.885445489
1605488005.886356724
1605488005.886370913
1605488005.887598446
1605488005.887635369
1605488005.888362707
1605488005.888397532
1605488005.889671791
1605488005.889703129
1605488005.890606113
1605488005.890662432
1605488005.891541400
1605488005.891548246
1605488005.891898280
1605488005.891909123
1605488005.892195166
1605488005.892204172
1605488005.892520303
1605488005.892529797
1605488005.892935120
1605488005.892947520
1605488005.893326157
1605488005.893346344
1605488005.894113340
1605488005.894152524
1605488005.895068757
1605488005.895134568
1605488005.901933899
1605488005.901961483
1605488005.902264650
1605488005.902264692
1605488005.902283317
1605488005.902316302
1605488005.902599678
1605488005.902609511
1605488005.902650674
1605488005.902658192
1605488005.902915242
1605488005.902932906
1605488005.905286449
1605488005.905295331
1605488005.921499821
1605488005.921534095
1605488005.928924949
1605488005.928950800
1605488005.932910704
1605488005.932956489
1605488005.948214788
1605488005.948242778
1605488005.948665132
1605488005.948681248
1605488005.949856616
1605488005.949856644
1605488005.949873300
1605488005.949898961
1605488005.950227067
1605488005.950227104
1605488005.950237224
1605488005.950266824
1605488005.951248562
1605488005.951248598
1605488005.951258865
1605488005.951283068
1605488005.951616892
1605488005.951647502
1605488005.951969600
1605488005.951969658
1605488005.951984187
1605488005.952013965
1605488005.952187321
1605488005.952226979
1605488005.952931881
1605488005.952931922
1605488005.952948544
1605488005.952977113
1605488005.953355717
1605488005.953372086
1605488005.953482996
1605488005.953494498
1605488005.954368670
1605488005.954368724
1605488005.954399650
1605488005.954438043
1605488005.954738073
1605488005.954738109
1605488005.954752767
1605488005.954780227
1605488005.955000935
1605488005.955013125
1605488005.955054787
1605488005.955062656
1605488005.955312657
1605488005.955323916
1605488005.955502212
1605488005.955511273
1605488005.956140921
1605488005.956207731
1605488005.956409026
1605488005.956448269
1605488005.961281315
1605488005.961308618
1605488005.961772913
1605488005.961784316
1605488005.962119146
1605488005.962129298
1605488005.962395260
1605488005.962404099
1605488005.962623140
1605488005.962632524
1605488005.962959741
1605488005.962967897
1605488005.963203162
1605488005.963214031
1605488005.963600935
1605488005.963691875
1605488005.964267926
1605488005.964322240
1605488005.964793024
1605488005.964820257
1605488005.965921980
1605488005.965922022
1605488005.965957726
1605488005.966019822
1605488005.966274199
1605488005.966286556
1605488005.966328706
1605488005.966336069
1605488005.966557843
1605488005.966573304
1605488005.966618206
1605488005.966626937
1605488005.966755702
1605488005.966805215
1605488005.967554440
1605488005.967588300
1605488005.978786284
1605488005.978813032
1605488005.979075125
1605488005.979084736
1605488005.979275736
1605488005.979283781
1605488005.979543229
1605488005.979556518
1605488005.980191296
1605488005.980202669
1605488005.980404034
1605488005.980404116
1605488005.980419520
1605488005.980448422
1605488005.980633737
1605488005.980644579
1605488005.980685365
1605488005.980693991
1605488005.980916925
1605488005.980926083
1605488005.983338980
1605488005.983397578
1605488005.983721171
1605488005.983737505
1605488005.983771345
1605488005.983779038
1605488005.984049747
1605488005.984060573
1605488005.984106375
1605488005.984167690
1605488005.984507022
1605488005.984522597
1605488005.984559122
1605488005.984566999
1605488005.984789846
1605488005.984800767
1605488005.984846684
1605488005.984876451
1605488005.985172369
1605488005.985172428
1605488005.985184653
1605488005.985213167
1605488005.985410500
1605488005.985421306
1605488005.985530728
1605488005.985538624
1605488005.985739743
1605488005.985739794
1605488005.985750549
1605488005.985778751
1605488005.985979567
1605488005.985988326
1605488005.986169917
1605488005.986177471
1605488005.986402053
1605488005.986412330
1605488005.986608920
1605488005.986608956
1605488005.986617494
1605488005.986640055
1605488005.986860094
1605488005.986871496
1605488005.987093472
1605488005.987104030
1605488005.987308324
1605488005.987319537
1605488005.987590906
1605488005.987604423
1605488005.988047247
1605488005.988060051
1605488005.988452763
1605488005.988466921
1605488005.988666632
1605488005.988678804
1605488005.988878149
1605488005.988888763
1605488005.989110621
1605488005.989122491
1605488005.989404107
1605488005.989418726
1605488005.989731180
1605488005.989748937
1605488005.990710476
1605488005.990718339
1605488005.996251528
1605488005.996329862
1605488005.996747332
1605488005.996774702
1605488006.002361459
1605488006.002397524
1605488006.002742474
1605488006.002765798
1605488006.003074355
1605488006.003098610
1605488006.003413500
1605488006.003450203
1605488006.007043570
1605488006.007077880
1605488006.007376036
1605488006.007395921
1605488006.009231670
1605488006.009239942
1605488024.797637096
1605488024.797673831
1605488024.798094128
1605488024.798108199
1605488024.798462802
1605488024.798471306
1605488024.798862322
1605488024.798870398
1605488024.799247810
1605488024.799256200
1605488024.801437313
1605488024.801445422
1605488228.239160267
1605488228.239190767
1605488228.318501048
1605488228.318550154
1605488228.318782135
1605488228.318795076
1605488228.320528958
1605488228.320559919
1605488228.321250384
1605488228.321271777
1605488228.326281437
1605488228.326312707
1605488228.329559633
1605488228.329582734
1605488228.330695236
1605488228.330704425
