0.000000000
0.000037200
0.000499526
0.000015053
0.000243885
0.000008781
0.000219734
0.000050947
0.000252343
0.000005700
0.000765610
0.000010081
0.000267198
0.000038561
0.000225616
0.000007879
0.050190931
0.000036956
0.000308945
0.000044451
0.000227668
0.000044938
0.000658015
0.000011199
0.000263074
0.000007898
0.000365779
0.000010674
0.000568936
0.000009505
0.000274682
0.000007683
0.000183748
0.000005043
0.000492484
0.000007417
0.000757301
0.000006876
0.000167666
0.000071414
16.196243418
0.000036176
0.000293301
0.000044685
0.001017444
0.000010772
0.000207652
0.000006040
0.000257526
0.000006448
0.003191484
0.000026356
0.000371425
0.000006255
0.001318307
0.000008161
0.000102200
0.000004517
6.541997994
0.000023642
0.000312549
0.000006884
0.000220236
0.000008529
0.000196454
0.000009482
0.000246263
0.000038333
0.006960051
0.000029246
0.000397224
0.000007732
0.000220855
0.000036632
0.050219789
0.000037807
0.000490151
0.000012596
0.000418298
0.000035153
0.001230462
0.000026675
0.000250819
0.000009411
0.000242216
0.000012219
0.000382939
0.000016428
0.008482717
0.000027233
0.000262870
0.000012296
0.000265647
0.000010533
0.000249085
0.000009232
0.001289254
0.000026077
0.008899528
0.000013079
0.000141294
0.000008769
17.071204049
0.000039944
0.000699413
0.000044479
0.000219212
0.000008713
0.000250606
0.000009927
0.000369486
0.000009788
0.000421415
0.000015803
0.000418029
0.000020012
0.000487243
0.000038750
0.000289257
0.000018406
0.000445410
0.000025258
0.000471038
0.000014142
0.000072613
0.000028596
0.000810026
0.000014189
0.001227533
0.000036923
0.000465260
0.000009261
0.000252817
0.000034825
0.001274259
0.000031338
0.000902984
0.000056319
0.000770524
0.000013359
0.000095085
0.000006846
0.000350034
0.000010843
0.000286043
0.000009006
0.000316131
0.000009494
0.000405323
0.000012400
0.000378637
0.000020187
0.000766996
0.000039184
0.000916233
0.000065811
0.006799331
0.000027584
0.000303167
0.000000042
0.000018625
0.000032985
0.000283376
0.000009833
0.000041163
0.000007518
0.000257050
0.000017664
0.001851385
0.000009158
0.000493000
0.000008882
0.016204490
0.000034274
0.007390854
0.000025851
0.003959904
0.000045785
0.015258299
0.000027990
0.000422354
0.000016116
0.001175368
0.000000028
0.000016656
0.000025661
0.000328106
0.000000037
0.000010120
0.000029600
0.000981738
0.000000036
0.000010267
0.000024203
0.000333824
0.000030610
0.000322098
0.000000058
0.000014529
0.000029778
0.000173356
0.000039658
0.000704902
0.000000041
0.000016622
0.000028569
0.000378604
0.000016369
0.000110910
0.000011502
0.000874172
0.000000054
0.000030926
0.000038393
0.000300030
0.000000036
0.000014658
0.000027460
0.000220708
0.000012190
0.000041662
0.000007869
0.000250001
0.000011259
0.000178296
0.000009061
0.000514139
0.000011649
0.000103860
0.000066810
0.000038729
0.000008709
0.000153857
0.000039243
0.004833046
0.000027303
0.000464295
0.000011403
0.000334830
0.000010152
0.000265962
0.000008839
0.000219041
0.000009384
0.000327217
0.000008156
0.000235265
0.000010869
0.000386904
0.000090940
0.000576051
0.000054314
0.000470784
0.000027233
0.001101723
0.000000042
0.000035704
0.000062096
0.000254377
0.000012357
0.000042150
0.000007363
0.000221774
0.000015461
0.000044902
0.000008731
0.000128765
0.000049513
0.000663623
0.000012989
0.000072613
0.000033860
0.011197984
0.000026748
0.000262093
0.000009611
0.000191000
0.000008045
0.000259448
0.000013289
0.000634778
0.000011373
0.000201365
0.000000082
0.000015404
0.000028902
0.000185315
0.000010842
0.000040786
0.000008626
0.000222934
0.000009158
0.002412897
0.000058598
0.000323593
0.000016334
0.000033840
0.000007693
0.000270709
0.000010826
0.000045802
0.000061315
0.000339332
0.000015575
0.000036525
0.000007877
0.000222847
0.000010921
0.000045917
0.000029767
0.000295918
0.000000059
0.000012225
0.000028514
0.000197333
0.000010806
0.000109422
0.000007896
0.000201119
0.000000051
0.000010755
0.000028202
0.000200816
0.000008759
0.000181591
0.000007554
0.000224582
0.000010277
0.000196590
0.000000036
0.000008538
0.000022561
0.000220039
0.000011402
0.000221976
0.000010558
0.000204294
0.000011213
0.000271369
0.000013517
0.000442824
0.000012804
0.000392712
0.000014158
0.000199711
0.000012172
0.000199345
0.000010614
0.000221858
0.000011870
0.000281616
0.000014619
0.000312454
0.000017757
0.000819981
0.000009590
0.000131968
0.000007863
0.005533189
0.000078334
0.000417470
0.000027370
0.005586757
0.000036065
0.000344950
0.000023324
0.000308557
0.000024255
0.000314890
0.000036703
0.003593367
0.000034310
0.000298156
0.000019885
0.000334295
0.000018881
0.001314130
0.000014742
0.000153701
0.000008272
18.788397154
0.000036735
0.000420297
0.000014071
0.000354603
0.000008504
0.000391016
0.000008076
0.000377412
0.000008390
0.002181113
0.000008109
41.213927454
0.000030043
162.223757348
0.000030500
0.079310281
0.000049106
0.000231981
0.000012941
0.001733882
0.000030961
0.000690465
0.000021393
0.005009660
0.000031270
0.003246926
0.000023101
0.001112502
0.000009189
